tig4300000019	1259473	1261263	tig4300000032	2226033	2227340	145,235,247,1.0
tig4300000019	1269702	1270451	tig4300000032	2265824	2266540	145,235,247,1.0
tig4300000019	1338293	1340008	tig4300000032	2343891	2345972	145,235,247,1.0
tig4300000019	1369577	1369909	tig4300000032	2350915	2351829	145,235,247,1.0
tig4300000019	1449099	1449419	tig4300000032	2383712	2384929	145,235,247,1.0
tig4300000019	1522025	1522564	tig4300000032	2428483	2429475	145,235,247,1.0
tig4300000019	1560230	1561786	tig4300000032	2436261	2438003	145,235,247,1.0
tig4300000019	1620614	1621294	tig4300000032	2444065	2445570	145,235,247,1.0
tig4300000080	2546030	2546377	tig4300000447	901455	901751	145,235,247,1.0
tig4300000080	2604203	2604754	tig4300000447	991089	991532	145,235,247,1.0
tig4300000080	2605687	2606742	tig4300000447	992356	992907	145,235,247,1.0
tig4300000080	2610039	2610482	tig4300000447	994866	996048	145,235,247,1.0
tig4300000080	2611039	2611347	tig4300000447	1006393	1011490	145,235,247,1.0
tig4300000080	2728454	2728816	tig4300000447	1132334	1132774	145,235,247,1.0
tig4300000080	2793936	2803286	tig4300000447	1300352	1301569	145,235,247,1.0
tig4300000080	2850505	2860837	tig4300000447	1386859	1387317	145,235,247,1.0
tig4300000100	1678512	1679319	tig4300002136	324419	324961	145,235,247,1.0
tig4300000100	1680775	1683897	tig4300002136	320205	322894	145,235,247,1.0
tig4300000100	1685501	1695378	tig4300002136	313115	318332	145,235,247,1.0
tig4300000100	1707284	1708345	tig4300002136	274339	276075	145,235,247,1.0
tig4300000100	1708699	1709445	tig4300002136	264540	266168	145,235,247,1.0
tig4300000100	1758372	1759772	tig4300002136	200982	202001	145,235,247,1.0
tig4300000105	1651190	1652942	tig4300000435	1384360	1389915	145,235,247,1.0
tig4300000105	1741887	1753730	tig4300000435	1392973	1408071	145,235,247,1.0
tig4300000105	1757649	1760205	tig4300000435	1447341	1448201	145,235,247,1.0
tig4300000105	1760814	1766634	tig4300000435	1465800	1473508	145,235,247,1.0
tig4300000105	1787617	1801364	tig4300000435	1538201	1549595	145,235,247,1.0
tig4300000105	1891525	1893824	tig4300000435	1633175	1634284	145,235,247,1.0
tig4300000105	1896079	1896555	tig4300000435	1702753	1704987	145,235,247,1.0
tig4300000105	1896711	1898678	tig4300000435	1714533	1717151	145,235,247,1.0
tig4300000412	563223	564350	tig4300000846	1190768	1192311	145,235,247,1.0
tig4300000412	787176	787553	tig4300000846	1190158	1190520	145,235,247,1.0
tig4300000412	787790	788323	tig4300000846	1080365	1080880	145,235,247,1.0
tig4300000412	789171	790475	tig4300000846	1077226	1078521	145,235,247,1.0
tig4300000412	825642	838989	tig4300000846	1038106	1062566	145,235,247,1.0
tig4300000412	840604	840957	tig4300000846	1000148	1001650	145,235,247,1.0
tig4300000412	877302	878082	tig4300463640	708043	708348	145,235,247,1.0
tig4300000412	881016	881306	tig4300463640	711756	714254	145,235,247,1.0
tig4300000412	891543	892328	tig4300463640	733129	737186	145,235,247,1.0
tig4300000412	1127559	1130110	tig4300463640	844533	845319	145,235,247,1.0
tig4300000412	1225041	1240790	tig4300463640	887826	895938	145,235,247,1.0
tig4300000412	1449978	1450358	tig4300463640	914079	915447	145,235,247,1.0
tig4300000412	1451247	1451696	tig4300463640	915611	916528	145,235,247,1.0
tig4300000412	1563214	1563714	tig4300463640	916643	920079	145,235,247,1.0
tig4300000446	644985	646499	tig4300000563	522635	523923	145,235,247,1.0
tig4300000446	668015	668374	tig4300000563	464648	466378	145,235,247,1.0
tig4300000446	752771	753319	tig4300000563	406549	406986	145,235,247,1.0
tig4300000446	753550	753960	tig4300000563	405799	406212	145,235,247,1.0
tig4300000446	754276	755199	tig4300000563	404542	405222	145,235,247,1.0
tig4300000446	761290	762546	tig4300000563	344299	344874	145,235,247,1.0
tig4300000446	810899	812113	tig4300000563	302234	303100	145,235,247,1.0
tig4300000447	938777	939307	tig4300463640	480110	480520	145,235,247,1.0
tig4300000447	940249	940821	tig4300463640	480855	481172	145,235,247,1.0
tig4300000447	1028037	1028567	tig4300463640	641563	642348	145,235,247,1.0
tig4300000447	1096729	1097070	tig4300463640	660996	661493	145,235,247,1.0
tig4300000447	1098975	1099403	tig4300463640	663301	663645	145,235,247,1.0
tig4300000447	1100028	1100923	tig4300463640	664219	665221	145,235,247,1.0
tig4300000447	1121538	1122044	tig4300463640	666864	667532	145,235,247,1.0
tig4300000447	1236064	1242807	tig4300463640	363349	366081	145,235,247,1.0
tig4300000447	1243629	1244922	tig4300463640	366937	367546	145,235,247,1.0
tig4300000447	1303182	1303670	tig4300463640	443661	453518	145,235,247,1.0
tig4300000447	1304119	1306236	tig4300463640	453731	454258	145,235,247,1.0
tig4300000447	1306272	1306634	tig4300463640	455848	456315	145,235,247,1.0
tig4300000447	1512410	1516599	tig4300463640	480855	481172	145,235,247,1.0
tig4300000447	1653723	1655021	tig4300463640	510041	511647	145,235,247,1.0
tig4300000791	17285	18807	tig4300463714	191494	193011	145,235,247,1.0
tig4300000791	18937	20772	tig4300463714	189529	191364	145,235,247,1.0
tig4300000791	23925	25127	tig4300463714	185737	186534	145,235,247,1.0
tig4300000791	25312	26064	tig4300463714	184402	185157	145,235,247,1.0
tig4300000791	26217	26552	tig4300463714	183914	184249	145,235,247,1.0
tig4300000791	81681	83657	tig4300463714	58266	60480	145,235,247,1.0
tig4300000791	132806	133189	tig4300463714	48229	54507	145,235,247,1.0
tig4300000846	494129	494470	tig4300463640	1260611	1261096	145,235,247,1.0
tig4300000846	537236	537907	tig4300463640	1189479	1195737	145,235,247,1.0
tig4300000846	640862	641251	tig4300463640	1082585	1082923	145,235,247,1.0
tig4300000846	659957	683332	tig4300463640	1079970	1080817	145,235,247,1.0
tig4300000846	846144	848347	tig4300463640	923261	938939	145,235,247,1.0
tig4300000846	882505	883257	tig4300463640	887826	895938	145,235,247,1.0
tig4300000846	883759	884394	tig4300463640	729099	729587	145,235,247,1.0
tig4300000846	891256	891972	tig4300463640	666864	667532	145,235,247,1.0
tig4300000846	948371	949087	tig4300463640	641563	642348	145,235,247,1.0
tig4300000846	997516	997800	tig4300463640	541369	542037	145,235,247,1.0
tig4300000846	1038106	1062566	tig4300463640	480855	481172	145,235,247,1.0
tig4300002804	5482	7104	tig4300463663	956457	957362	145,235,247,1.0
tig4300002804	7599	8414	tig4300463663	954866	956173	145,235,247,1.0
tig4300002804	53614	54048	tig4300463663	933280	933675	145,235,247,1.0
tig4300002804	63547	66705	tig4300463663	920814	924381	145,235,247,1.0
tig4300002804	94566	95384	tig4300463663	907053	907871	145,235,247,1.0
tig4300002804	114341	116032	tig4300463663	849852	851669	145,235,247,1.0
tig4300003671	9959	10264	tig4300004305	51788	52093	145,235,247,1.0
tig4300003671	10371	11099	tig4300004305	50952	51680	145,235,247,1.0
tig4300003671	14771	15286	tig4300004305	38011	38526	145,235,247,1.0
tig4300003671	17241	18440	tig4300004305	17344	18543	145,235,247,1.0
tig4300003671	18713	19018	tig4300004305	16766	17071	145,235,247,1.0
tig4300003671	19126	19854	tig4300004305	15930	16658	145,235,247,1.0
tig4300003671	7800	8022	tig4300032496	11120	11342	145,235,247,1.0
tig4300003671	9959	10264	tig4300032496	17639	17944	145,235,247,1.0
tig4300003671	14771	15286	tig4300032496	21365	21880	145,235,247,1.0
tig4300003671	17241	18440	tig4300032496	26965	28164	145,235,247,1.0
tig4300003671	20148	20360	tig4300032496	33798	34010	145,235,247,1.0
tig4300003671	27763	27985	tig4300032496	37372	37594	145,235,247,1.0
tig4300003671	29254	29769	tig4300032496	55835	56350	145,235,247,1.0
tig4300003671	9959	10264	tig4300032496	43888	44193	145,235,247,1.0
tig4300003671	10371	11099	tig4300032496	43052	43780	145,235,247,1.0
tig4300003671	16555	16777	tig4300032496	37372	37594	145,235,247,1.0
tig4300003671	20148	20360	tig4300032496	33798	34010	145,235,247,1.0
tig4300003671	26502	27299	tig4300032496	26965	28164	145,235,247,1.0
tig4300003671	29254	29769	tig4300032496	21365	21880	145,235,247,1.0
tig4300003671	16555	16777	tig4300463746	8203	8425	145,235,247,1.0
tig4300003671	17241	18440	tig4300463746	8887	10086	145,235,247,1.0
tig4300003671	18713	19018	tig4300463746	10359	10664	145,235,247,1.0
tig4300003671	19126	19854	tig4300463746	10772	11500	145,235,247,1.0
tig4300003671	20148	20360	tig4300463746	11794	12006	145,235,247,1.0
tig4300003671	27763	27985	tig4300463746	19403	19625	145,235,247,1.0
tig4300003671	29254	29769	tig4300463746	20894	21409	145,235,247,1.0
tig4300003671	7800	8022	tig4300463746	8203	8425	145,235,247,1.0
tig4300003671	8487	9686	tig4300463746	8887	10086	145,235,247,1.0
tig4300003671	9959	10264	tig4300463746	10359	10664	145,235,247,1.0
tig4300003671	10371	11099	tig4300463746	10772	11500	145,235,247,1.0
tig4300003671	11393	11605	tig4300463746	11794	12006	145,235,247,1.0
tig4300003671	16555	16777	tig4300463746	19403	19625	145,235,247,1.0
tig4300003671	7800	8022	tig4300463747	7904	8126	145,235,247,1.0
tig4300003671	8487	9686	tig4300463747	8589	9788	145,235,247,1.0
tig4300003671	9959	10264	tig4300463747	10061	10366	145,235,247,1.0
tig4300003671	10371	11099	tig4300463747	10474	11202	145,235,247,1.0
tig4300003671	11393	11605	tig4300463747	11496	11708	145,235,247,1.0
tig4300003671	16555	16777	tig4300463747	19103	19325	145,235,247,1.0
tig4300003671	16555	16777	tig4300463747	7904	8126	145,235,247,1.0
tig4300003671	17241	18440	tig4300463747	8589	9788	145,235,247,1.0
tig4300003671	18713	19018	tig4300463747	10061	10366	145,235,247,1.0
tig4300003671	19126	19854	tig4300463747	10474	11202	145,235,247,1.0
tig4300003671	20148	20360	tig4300463747	11496	11708	145,235,247,1.0
tig4300003671	27763	27985	tig4300463747	19103	19325	145,235,247,1.0
tig4300003766	8637	9434	tig4300004305	17344	18543	145,235,247,1.0
tig4300003766	18386	18691	tig4300004305	34283	34588	145,235,247,1.0
tig4300003766	23203	23718	tig4300004305	38011	38526	145,235,247,1.0
tig4300003766	27019	28279	tig4300004305	42200	43460	145,235,247,1.0
tig4300003766	33113	33841	tig4300004305	50952	51680	145,235,247,1.0
tig4300003766	37679	38194	tig4300004305	55514	56029	145,235,247,1.0
tig4300003766	14451	14966	tig4300004305	55514	56029	145,235,247,1.0
tig4300003766	18386	18691	tig4300004305	51788	52093	145,235,247,1.0
tig4300003766	18799	19527	tig4300004305	50952	51680	145,235,247,1.0
tig4300003766	37679	38194	tig4300004305	38011	38526	145,235,247,1.0
tig4300003766	42704	43009	tig4300004305	34283	34588	145,235,247,1.0
tig4300003766	43282	44481	tig4300004305	17344	18543	145,235,247,1.0
tig4300003766	19821	20033	tig4300032496	3615	3827	145,235,247,1.0
tig4300003766	24987	25209	tig4300032496	11120	11342	145,235,247,1.0
tig4300003766	25668	26866	tig4300032496	18217	19415	145,235,247,1.0
tig4300003766	27019	28279	tig4300032496	25552	26812	145,235,247,1.0
tig4300003766	34526	35725	tig4300032496	26965	28164	145,235,247,1.0
tig4300003766	36188	36410	tig4300032496	37372	37594	145,235,247,1.0
tig4300003766	42704	43009	tig4300032496	43888	44193	145,235,247,1.0
tig4300003766	7949	8171	tig4300032496	11120	11342	145,235,247,1.0
tig4300003766	14451	14966	tig4300032496	21365	21880	145,235,247,1.0
tig4300003766	19821	20033	tig4300032496	33798	34010	145,235,247,1.0
tig4300003766	25668	26866	tig4300032496	35717	36915	145,235,247,1.0
tig4300003766	33113	33841	tig4300032496	43052	43780	145,235,247,1.0
tig4300003766	37679	38194	tig4300032496	55835	56350	145,235,247,1.0
tig4300003766	14451	14966	tig4300032496	55835	56350	145,235,247,1.0
tig4300003766	18386	18691	tig4300032496	43888	44193	145,235,247,1.0
tig4300003766	18799	19527	tig4300032496	43052	43780	145,235,247,1.0
tig4300003766	24987	25209	tig4300032496	37372	37594	145,235,247,1.0
tig4300003766	25668	26866	tig4300032496	35717	36915	145,235,247,1.0
tig4300003766	37679	38194	tig4300032496	21365	21880	145,235,247,1.0
tig4300003766	42704	43009	tig4300032496	17639	17944	145,235,247,1.0
tig4300003766	44945	45167	tig4300032496	11120	11342	145,235,247,1.0
tig4300003766	7949	8171	tig4300463746	8203	8425	145,235,247,1.0
tig4300003766	8637	9434	tig4300463746	8887	10086	145,235,247,1.0
tig4300003766	18386	18691	tig4300463746	10359	10664	145,235,247,1.0
tig4300003766	18799	19527	tig4300463746	10772	11500	145,235,247,1.0
tig4300003766	19821	20033	tig4300463746	11794	12006	145,235,247,1.0
tig4300003766	27019	28279	tig4300463746	16336	17595	145,235,247,1.0
tig4300003766	36188	36410	tig4300463746	19403	19625	145,235,247,1.0
tig4300003766	37679	38194	tig4300463746	20894	21409	145,235,247,1.0
tig4300003766	23203	23718	tig4300463746	20894	21409	145,235,247,1.0
tig4300003766	24987	25209	tig4300463746	19403	19625	145,235,247,1.0
tig4300003766	33113	33841	tig4300463746	10772	11500	145,235,247,1.0
tig4300003766	42704	43009	tig4300463746	10359	10664	145,235,247,1.0
tig4300003766	43282	44481	tig4300463746	8887	10086	145,235,247,1.0
tig4300003766	44945	45167	tig4300463746	8203	8425	145,235,247,1.0
tig4300003766	7949	8171	tig4300463747	7904	8126	145,235,247,1.0
tig4300003766	8637	9434	tig4300463747	8589	9788	145,235,247,1.0
tig4300003766	18386	18691	tig4300463747	10061	10366	145,235,247,1.0
tig4300003766	18799	19527	tig4300463747	10474	11202	145,235,247,1.0
tig4300003766	19821	20033	tig4300463747	11496	11708	145,235,247,1.0
tig4300003766	27019	28279	tig4300463747	16036	17295	145,235,247,1.0
tig4300003766	36188	36410	tig4300463747	19103	19325	145,235,247,1.0
tig4300003766	7949	8171	tig4300463747	19103	19325	145,235,247,1.0
tig4300003766	11089	11301	tig4300463747	11496	11708	145,235,247,1.0
tig4300003766	33113	33841	tig4300463747	10474	11202	145,235,247,1.0
tig4300003766	42704	43009	tig4300463747	10061	10366	145,235,247,1.0
tig4300003766	43282	44481	tig4300463747	8589	9788	145,235,247,1.0
tig4300003766	44945	45167	tig4300463747	7904	8126	145,235,247,1.0
tig4300003779	6460	6649	tig4300004305	6117	6306	145,235,247,1.0
tig4300003779	8839	9636	tig4300004305	17344	18543	145,235,247,1.0
tig4300003779	10310	10615	tig4300004305	34283	34588	145,235,247,1.0
tig4300003779	10723	11451	tig4300004305	50952	51680	145,235,247,1.0
tig4300003779	18174	18896	tig4300004305	52841	53563	145,235,247,1.0
tig4300003779	20845	21360	tig4300004305	55514	56029	145,235,247,1.0
tig4300003779	6460	6649	tig4300463746	6508	6697	145,235,247,1.0
tig4300003779	8155	8377	tig4300463746	8203	8425	145,235,247,1.0
tig4300003779	8839	9636	tig4300463746	8887	10086	145,235,247,1.0
tig4300003779	10310	10615	tig4300463746	10359	10664	145,235,247,1.0
tig4300003779	10723	11451	tig4300463746	10772	11500	145,235,247,1.0
tig4300003779	11745	11957	tig4300463746	11794	12006	145,235,247,1.0
tig4300003779	18174	18896	tig4300463746	18223	18945	145,235,247,1.0
tig4300003779	19354	19576	tig4300463746	19403	19625	145,235,247,1.0
tig4300003779	20845	21360	tig4300463746	20894	21409	145,235,247,1.0
tig4300003779	6460	6649	tig4300463747	6209	6398	145,235,247,1.0
tig4300003779	8155	8377	tig4300463747	7904	8126	145,235,247,1.0
tig4300003779	8839	9636	tig4300463747	8589	9788	145,235,247,1.0
tig4300003779	10310	10615	tig4300463747	10061	10366	145,235,247,1.0
tig4300003779	10723	11451	tig4300463747	10474	11202	145,235,247,1.0
tig4300003779	11745	11957	tig4300463747	11496	11708	145,235,247,1.0
tig4300003779	18174	18896	tig4300463747	17923	18645	145,235,247,1.0
tig4300003779	19354	19576	tig4300463747	19103	19325	145,235,247,1.0
tig4300003802	7857	8079	tig4300032496	11120	11342	145,235,247,1.0
tig4300003802	10015	10320	tig4300032496	17639	17944	145,235,247,1.0
tig4300003802	11448	11660	tig4300032496	33798	34010	145,235,247,1.0
tig4300003802	17399	18597	tig4300032496	35717	36915	145,235,247,1.0
tig4300003802	19058	19280	tig4300032496	37372	37594	145,235,247,1.0
tig4300003802	29148	29537	tig4300032496	55835	56350	145,235,247,1.0
tig4300003802	10015	10320	tig4300032496	43888	44193	145,235,247,1.0
tig4300003802	10427	11155	tig4300032496	43052	43780	145,235,247,1.0
tig4300003802	11448	11660	tig4300032496	33798	34010	145,235,247,1.0
tig4300003802	17399	18597	tig4300032496	18217	19415	145,235,247,1.0
tig4300003802	19058	19280	tig4300032496	11120	11342	145,235,247,1.0
tig4300003802	24583	24891	tig4300032496	2571	3323	145,235,247,1.0
tig4300003802	6162	6351	tig4300463746	6508	6697	145,235,247,1.0
tig4300003802	7857	8079	tig4300463746	8203	8425	145,235,247,1.0
tig4300003802	8543	9742	tig4300463746	8887	10086	145,235,247,1.0
tig4300003802	10015	10320	tig4300463746	10359	10664	145,235,247,1.0
tig4300003802	10427	11155	tig4300463746	10772	11500	145,235,247,1.0
tig4300003802	11448	11660	tig4300463746	11794	12006	145,235,247,1.0
tig4300003802	19058	19280	tig4300463746	19403	19625	145,235,247,1.0
tig4300003802	29148	29537	tig4300463746	20894	21409	145,235,247,1.0
tig4300003802	6162	6351	tig4300463747	6209	6398	145,235,247,1.0
tig4300003802	7857	8079	tig4300463747	7904	8126	145,235,247,1.0
tig4300003802	8543	9742	tig4300463747	8589	9788	145,235,247,1.0
tig4300003802	10015	10320	tig4300463747	10061	10366	145,235,247,1.0
tig4300003802	10427	11155	tig4300463747	10474	11202	145,235,247,1.0
tig4300003802	11448	11660	tig4300463747	11496	11708	145,235,247,1.0
tig4300003802	19058	19280	tig4300463747	19103	19325	145,235,247,1.0
tig4300003915	10304	10609	tig4300004305	16766	17071	145,235,247,1.0
tig4300003915	17586	18383	tig4300004305	17344	18543	145,235,247,1.0
tig4300003915	19057	19362	tig4300004305	34283	34588	145,235,247,1.0
tig4300003915	29592	30107	tig4300004305	38011	38526	145,235,247,1.0
tig4300003915	33783	34511	tig4300004305	50952	51680	145,235,247,1.0
tig4300003915	34619	34924	tig4300004305	51788	52093	145,235,247,1.0
tig4300003915	38351	38866	tig4300004305	55514	56029	145,235,247,1.0
tig4300003915	8834	9556	tig4300004305	52841	53563	145,235,247,1.0
tig4300003915	10304	10609	tig4300004305	51788	52093	145,235,247,1.0
tig4300003915	10717	11445	tig4300004305	50952	51680	145,235,247,1.0
tig4300003915	15121	15636	tig4300004305	38011	38526	145,235,247,1.0
tig4300003915	34619	34924	tig4300004305	16766	17071	145,235,247,1.0
tig4300003915	42538	43798	tig4300004305	9839	11099	145,235,247,1.0
tig4300003915	44426	45148	tig4300004305	8489	9211	145,235,247,1.0
tig4300003915	6459	6648	tig4300004482	29912	30101	145,235,247,1.0
tig4300003915	8834	9556	tig4300004482	27002	27724	145,235,247,1.0
tig4300003915	15121	15636	tig4300004482	20924	21439	145,235,247,1.0
tig4300003915	33783	34511	tig4300004482	10805	11533	145,235,247,1.0
tig4300003915	34619	34924	tig4300004482	10393	10698	145,235,247,1.0
tig4300003915	35197	36396	tig4300004482	8922	9719	145,235,247,1.0
tig4300003915	8154	8376	tig4300032496	11120	11342	145,235,247,1.0
tig4300003915	10304	10609	tig4300032496	17639	17944	145,235,247,1.0
tig4300003915	15121	15636	tig4300032496	21365	21880	145,235,247,1.0
tig4300003915	17586	18383	tig4300032496	26965	28164	145,235,247,1.0
tig4300003915	20492	20704	tig4300032496	33798	34010	145,235,247,1.0
tig4300003915	28101	28323	tig4300032496	37372	37594	145,235,247,1.0
tig4300003915	33783	34511	tig4300032496	43052	43780	145,235,247,1.0
tig4300003915	34619	34924	tig4300032496	43888	44193	145,235,247,1.0
tig4300003915	42538	43798	tig4300032496	51276	52536	145,235,247,1.0
tig4300003915	11739	11951	tig4300032496	3615	3827	145,235,247,1.0
tig4300003915	16905	17127	tig4300032496	11120	11342	145,235,247,1.0
tig4300003915	19057	19362	tig4300032496	17639	17944	145,235,247,1.0
tig4300003915	29592	30107	tig4300032496	21365	21880	145,235,247,1.0
tig4300003915	35197	36396	tig4300032496	26965	28164	145,235,247,1.0
tig4300003915	42032	42244	tig4300032496	33798	34010	145,235,247,1.0
tig4300003915	51291	52019	tig4300032496	43052	43780	145,235,247,1.0
tig4300003915	52127	52432	tig4300032496	43888	44193	145,235,247,1.0
tig4300003915	20492	20704	tig4300032496	3615	3827	145,235,247,1.0
tig4300003915	28101	28323	tig4300032496	11120	11342	145,235,247,1.0
tig4300003915	34619	34924	tig4300032496	17639	17944	145,235,247,1.0
tig4300003915	38351	38866	tig4300032496	21365	21880	145,235,247,1.0
tig4300003915	42538	43798	tig4300032496	25552	26812	145,235,247,1.0
tig4300003915	53106	53903	tig4300032496	26965	28164	145,235,247,1.0
tig4300003915	54366	54588	tig4300032496	37372	37594	145,235,247,1.0
tig4300003915	10304	10609	tig4300032496	43888	44193	145,235,247,1.0
tig4300003915	10717	11445	tig4300032496	43052	43780	145,235,247,1.0
tig4300003915	16905	17127	tig4300032496	37372	37594	145,235,247,1.0
tig4300003915	33277	33489	tig4300032496	33798	34010	145,235,247,1.0
tig4300003915	36860	37082	tig4300032496	11120	11342	145,235,247,1.0
tig4300003915	42032	42244	tig4300032496	3615	3827	145,235,247,1.0
tig4300003915	15121	15636	tig4300032496	55835	56350	145,235,247,1.0
tig4300003915	19057	19362	tig4300032496	43888	44193	145,235,247,1.0
tig4300003915	19470	20198	tig4300032496	43052	43780	145,235,247,1.0
tig4300003915	36860	37082	tig4300032496	37372	37594	145,235,247,1.0
tig4300003915	52127	52432	tig4300032496	17639	17944	145,235,247,1.0
tig4300003915	54366	54588	tig4300032496	11120	11342	145,235,247,1.0
tig4300003915	6459	6648	tig4300463746	6508	6697	145,235,247,1.0
tig4300003915	16905	17127	tig4300463746	8203	8425	145,235,247,1.0
tig4300003915	17586	18383	tig4300463746	8887	10086	145,235,247,1.0
tig4300003915	19057	19362	tig4300463746	10359	10664	145,235,247,1.0
tig4300003915	19470	20198	tig4300463746	10772	11500	145,235,247,1.0
tig4300003915	20492	20704	tig4300463746	11794	12006	145,235,247,1.0
tig4300003915	26920	27642	tig4300463746	18223	18945	145,235,247,1.0
tig4300003915	28101	28323	tig4300463746	19403	19625	145,235,247,1.0
tig4300003915	29592	30107	tig4300463746	20894	21409	145,235,247,1.0
tig4300003915	8154	8376	tig4300463746	8203	8425	145,235,247,1.0
tig4300003915	10304	10609	tig4300463746	10359	10664	145,235,247,1.0
tig4300003915	10717	11445	tig4300463746	10772	11500	145,235,247,1.0
tig4300003915	33277	33489	tig4300463746	11794	12006	145,235,247,1.0
tig4300003915	42538	43798	tig4300463746	16336	17595	145,235,247,1.0
tig4300003915	44426	45148	tig4300463746	18223	18945	145,235,247,1.0
tig4300003915	54366	54588	tig4300463746	19403	19625	145,235,247,1.0
tig4300003915	8154	8376	tig4300463746	19403	19625	145,235,247,1.0
tig4300003915	8834	9556	tig4300463746	18223	18945	145,235,247,1.0
tig4300003915	11739	11951	tig4300463746	11794	12006	145,235,247,1.0
tig4300003915	33783	34511	tig4300463746	10772	11500	145,235,247,1.0
tig4300003915	34619	34924	tig4300463746	10359	10664	145,235,247,1.0
tig4300003915	35197	36396	tig4300463746	8887	10086	145,235,247,1.0
tig4300003915	36860	37082	tig4300463746	8203	8425	145,235,247,1.0
tig4300003915	15121	15636	tig4300463746	20894	21409	145,235,247,1.0
tig4300003915	16905	17127	tig4300463746	19403	19625	145,235,247,1.0
tig4300003915	42032	42244	tig4300463746	11794	12006	145,235,247,1.0
tig4300003915	51291	52019	tig4300463746	10772	11500	145,235,247,1.0
tig4300003915	52127	52432	tig4300463746	10359	10664	145,235,247,1.0
tig4300003915	53106	53903	tig4300463746	8887	10086	145,235,247,1.0
tig4300003915	54366	54588	tig4300463746	8203	8425	145,235,247,1.0
tig4300003915	6459	6648	tig4300463747	6209	6398	145,235,247,1.0
tig4300003915	16905	17127	tig4300463747	7904	8126	145,235,247,1.0
tig4300003915	17586	18383	tig4300463747	8589	9788	145,235,247,1.0
tig4300003915	19057	19362	tig4300463747	10061	10366	145,235,247,1.0
tig4300003915	19470	20198	tig4300463747	10474	11202	145,235,247,1.0
tig4300003915	33277	33489	tig4300463747	11496	11708	145,235,247,1.0
tig4300003915	42538	43798	tig4300463747	16036	17295	145,235,247,1.0
tig4300003915	44426	45148	tig4300463747	17923	18645	145,235,247,1.0
tig4300003915	54366	54588	tig4300463747	19103	19325	145,235,247,1.0
tig4300003915	8154	8376	tig4300463747	7904	8126	145,235,247,1.0
tig4300003915	10304	10609	tig4300463747	10061	10366	145,235,247,1.0
tig4300003915	10717	11445	tig4300463747	10474	11202	145,235,247,1.0
tig4300003915	20492	20704	tig4300463747	11496	11708	145,235,247,1.0
tig4300003915	26920	27642	tig4300463747	17923	18645	145,235,247,1.0
tig4300003915	28101	28323	tig4300463747	19103	19325	145,235,247,1.0
tig4300003915	6459	6648	tig4300463747	20828	21017	145,235,247,1.0
tig4300003915	8154	8376	tig4300463747	19103	19325	145,235,247,1.0
tig4300003915	8834	9556	tig4300463747	17923	18645	145,235,247,1.0
tig4300003915	11739	11951	tig4300463747	11496	11708	145,235,247,1.0
tig4300003915	33783	34511	tig4300463747	10474	11202	145,235,247,1.0
tig4300003915	34619	34924	tig4300463747	10061	10366	145,235,247,1.0
tig4300003915	35197	36396	tig4300463747	8589	9788	145,235,247,1.0
tig4300003915	36860	37082	tig4300463747	7904	8126	145,235,247,1.0
tig4300003915	36860	37082	tig4300463747	19103	19325	145,235,247,1.0
tig4300003915	42032	42244	tig4300463747	11496	11708	145,235,247,1.0
tig4300003915	51291	52019	tig4300463747	10474	11202	145,235,247,1.0
tig4300003915	52127	52432	tig4300463747	10061	10366	145,235,247,1.0
tig4300003915	53106	53903	tig4300463747	8589	9788	145,235,247,1.0
tig4300003915	54366	54588	tig4300463747	7904	8126	145,235,247,1.0
tig4300003977	10920	11648	tig4300004305	15930	16658	145,235,247,1.0
tig4300003977	17791	18588	tig4300004305	17344	18543	145,235,247,1.0
tig4300003977	19262	19567	tig4300004305	34283	34588	145,235,247,1.0
tig4300003977	24076	24591	tig4300004305	38011	38526	145,235,247,1.0
tig4300003977	28427	29155	tig4300004305	50952	51680	145,235,247,1.0
tig4300003977	38550	39065	tig4300004305	55514	56029	145,235,247,1.0
tig4300003977	6568	7083	tig4300004305	55514	56029	145,235,247,1.0
tig4300003977	10507	10812	tig4300004305	51788	52093	145,235,247,1.0
tig4300003977	10920	11648	tig4300004305	50952	51680	145,235,247,1.0
tig4300003977	15323	15838	tig4300004305	38011	38526	145,235,247,1.0
tig4300003977	19262	19567	tig4300004305	34283	34588	145,235,247,1.0
tig4300003977	26543	27742	tig4300004305	17344	18543	145,235,247,1.0
tig4300003977	28015	28320	tig4300004305	16766	17071	145,235,247,1.0
tig4300003977	28427	29155	tig4300004305	15930	16658	145,235,247,1.0
tig4300003977	15323	15838	tig4300004305	55514	56029	145,235,247,1.0
tig4300003977	19262	19567	tig4300004305	51788	52093	145,235,247,1.0
tig4300003977	19675	20403	tig4300004305	50952	51680	145,235,247,1.0
tig4300003977	24076	24591	tig4300004305	38011	38526	145,235,247,1.0
tig4300003977	28015	28320	tig4300004305	34283	34588	145,235,247,1.0
tig4300003977	35803	36600	tig4300004305	17344	18543	145,235,247,1.0
tig4300003977	8352	8574	tig4300032496	11120	11342	145,235,247,1.0
tig4300003977	10507	10812	tig4300032496	17639	17944	145,235,247,1.0
tig4300003977	15323	15838	tig4300032496	21365	21880	145,235,247,1.0
tig4300003977	17791	18588	tig4300032496	26965	28164	145,235,247,1.0
tig4300003977	20697	20909	tig4300032496	33798	34010	145,235,247,1.0
tig4300003977	25860	26082	tig4300032496	37372	37594	145,235,247,1.0
tig4300003977	28427	29155	tig4300032496	43052	43780	145,235,247,1.0
tig4300003977	38550	39065	tig4300032496	55835	56350	145,235,247,1.0
tig4300003977	11942	12154	tig4300032496	3615	3827	145,235,247,1.0
tig4300003977	17791	18588	tig4300032496	9867	10574	145,235,247,1.0
tig4300003977	19262	19567	tig4300032496	17639	17944	145,235,247,1.0
tig4300003977	24076	24591	tig4300032496	21365	21880	145,235,247,1.0
tig4300003977	26543	27742	tig4300032496	26965	28164	145,235,247,1.0
tig4300003977	29449	29661	tig4300032496	33798	34010	145,235,247,1.0
tig4300003977	37059	37281	tig4300032496	37372	37594	145,235,247,1.0
tig4300003977	6568	7083	tig4300032496	21365	21880	145,235,247,1.0
tig4300003977	9036	9833	tig4300032496	26965	28164	145,235,247,1.0
tig4300003977	11942	12154	tig4300032496	33798	34010	145,235,247,1.0
tig4300003977	17107	17329	tig4300032496	37372	37594	145,235,247,1.0
tig4300003977	19675	20403	tig4300032496	43052	43780	145,235,247,1.0
tig4300003977	28015	28320	tig4300032496	43888	44193	145,235,247,1.0
tig4300003977	25860	26082	tig4300463746	8203	8425	145,235,247,1.0
tig4300003977	26543	27742	tig4300463746	8887	10086	145,235,247,1.0
tig4300003977	28015	28320	tig4300463746	10359	10664	145,235,247,1.0
tig4300003977	28427	29155	tig4300463746	10772	11500	145,235,247,1.0
tig4300003977	29449	29661	tig4300463746	11794	12006	145,235,247,1.0
tig4300003977	37059	37281	tig4300463746	19403	19625	145,235,247,1.0
tig4300003977	38550	39065	tig4300463746	20894	21409	145,235,247,1.0
tig4300003977	8352	8574	tig4300463746	8203	8425	145,235,247,1.0
tig4300003977	9036	9833	tig4300463746	8887	10086	145,235,247,1.0
tig4300003977	10507	10812	tig4300463746	10359	10664	145,235,247,1.0
tig4300003977	10920	11648	tig4300463746	10772	11500	145,235,247,1.0
tig4300003977	11942	12154	tig4300463746	11794	12006	145,235,247,1.0
tig4300003977	17107	17329	tig4300463746	19403	19625	145,235,247,1.0
tig4300003977	24076	24591	tig4300463746	20894	21409	145,235,247,1.0
tig4300003977	17107	17329	tig4300463746	8203	8425	145,235,247,1.0
tig4300003977	17791	18588	tig4300463746	8887	10086	145,235,247,1.0
tig4300003977	19262	19567	tig4300463746	10359	10664	145,235,247,1.0
tig4300003977	19675	20403	tig4300463746	10772	11500	145,235,247,1.0
tig4300003977	20697	20909	tig4300463746	11794	12006	145,235,247,1.0
tig4300003977	25860	26082	tig4300463746	19403	19625	145,235,247,1.0
tig4300003977	17107	17329	tig4300463747	7904	8126	145,235,247,1.0
tig4300003977	17791	18588	tig4300463747	8589	9788	145,235,247,1.0
tig4300003977	19262	19567	tig4300463747	10061	10366	145,235,247,1.0
tig4300003977	19675	20403	tig4300463747	10474	11202	145,235,247,1.0
tig4300003977	20697	20909	tig4300463747	11496	11708	145,235,247,1.0
tig4300003977	25860	26082	tig4300463747	19103	19325	145,235,247,1.0
tig4300003977	8352	8574	tig4300463747	7904	8126	145,235,247,1.0
tig4300003977	9036	9833	tig4300463747	8589	9788	145,235,247,1.0
tig4300003977	10507	10812	tig4300463747	10061	10366	145,235,247,1.0
tig4300003977	10920	11648	tig4300463747	10474	11202	145,235,247,1.0
tig4300003977	11942	12154	tig4300463747	11496	11708	145,235,247,1.0
tig4300003977	17107	17329	tig4300463747	19103	19325	145,235,247,1.0
tig4300003977	25860	26082	tig4300463747	7904	8126	145,235,247,1.0
tig4300003977	26543	27742	tig4300463747	8589	9788	145,235,247,1.0
tig4300003977	28015	28320	tig4300463747	10061	10366	145,235,247,1.0
tig4300003977	28427	29155	tig4300463747	10474	11202	145,235,247,1.0
tig4300003977	29449	29661	tig4300463747	11496	11708	145,235,247,1.0
tig4300003977	37059	37281	tig4300463747	19103	19325	145,235,247,1.0
tig4300003977	8352	8574	tig4300463747	19103	19325	145,235,247,1.0
tig4300003977	11942	12154	tig4300463747	11496	11708	145,235,247,1.0
tig4300003977	19675	20403	tig4300463747	10474	11202	145,235,247,1.0
tig4300003977	28015	28320	tig4300463747	10061	10366	145,235,247,1.0
tig4300003977	35803	36600	tig4300463747	8589	9788	145,235,247,1.0
tig4300003977	37059	37281	tig4300463747	7904	8126	145,235,247,1.0
tig4300004062	3230	3419	tig4300004305	6117	6306	145,235,247,1.0
tig4300004062	5603	6325	tig4300004305	8489	9211	145,235,247,1.0
tig4300004062	7486	8214	tig4300004305	15930	16658	145,235,247,1.0
tig4300004062	15826	16131	tig4300004305	34283	34588	145,235,247,1.0
tig4300004062	21801	23061	tig4300004305	42200	43460	145,235,247,1.0
tig4300004062	23689	24411	tig4300004305	52841	53563	145,235,247,1.0
tig4300004062	26360	26875	tig4300004305	55514	56029	145,235,247,1.0
tig4300004062	5603	6325	tig4300004305	52841	53563	145,235,247,1.0
tig4300004062	7073	7378	tig4300004305	51788	52093	145,235,247,1.0
tig4300004062	7486	8214	tig4300004305	50952	51680	145,235,247,1.0
tig4300004062	11892	12407	tig4300004305	38011	38526	145,235,247,1.0
tig4300004062	15826	16131	tig4300004305	16766	17071	145,235,247,1.0
tig4300004062	16239	16967	tig4300004305	15930	16658	145,235,247,1.0
tig4300004062	21801	23061	tig4300004305	9839	11099	145,235,247,1.0
tig4300004062	23689	24411	tig4300004305	8489	9211	145,235,247,1.0
tig4300004062	11892	12407	tig4300004305	55514	56029	145,235,247,1.0
tig4300004062	14356	15078	tig4300004305	52841	53563	145,235,247,1.0
tig4300004062	15826	16131	tig4300004305	51788	52093	145,235,247,1.0
tig4300004062	16239	16967	tig4300004305	50952	51680	145,235,247,1.0
tig4300004062	21801	23061	tig4300004305	42200	43460	145,235,247,1.0
tig4300004062	26360	26875	tig4300004305	38011	38526	145,235,247,1.0
tig4300004062	4924	5146	tig4300032496	11120	11342	145,235,247,1.0
tig4300004062	7073	7378	tig4300032496	17639	17944	145,235,247,1.0
tig4300004062	8508	8720	tig4300032496	33798	34010	145,235,247,1.0
tig4300004062	13676	13898	tig4300032496	37372	37594	145,235,247,1.0
tig4300004062	15826	16131	tig4300032496	43888	44193	145,235,247,1.0
tig4300004062	21801	23061	tig4300032496	51276	52536	145,235,247,1.0
tig4300004062	26360	26875	tig4300032496	55835	56350	145,235,247,1.0
tig4300004062	5603	6325	tig4300032496	739	1161	145,235,247,1.0
tig4300004062	8508	8720	tig4300032496	3615	3827	145,235,247,1.0
tig4300004062	13676	13898	tig4300032496	11120	11342	145,235,247,1.0
tig4300004062	15826	16131	tig4300032496	17639	17944	145,235,247,1.0
tig4300004062	21801	23061	tig4300032496	25552	26812	145,235,247,1.0
tig4300004062	24869	25091	tig4300032496	37372	37594	145,235,247,1.0
tig4300004062	7073	7378	tig4300032496	43888	44193	145,235,247,1.0
tig4300004062	7486	8214	tig4300032496	43052	43780	145,235,247,1.0
tig4300004062	8508	8720	tig4300032496	33798	34010	145,235,247,1.0
tig4300004062	11892	12407	tig4300032496	21365	21880	145,235,247,1.0
tig4300004062	13676	13898	tig4300032496	11120	11342	145,235,247,1.0
tig4300004062	17261	17473	tig4300032496	3615	3827	145,235,247,1.0
tig4300004062	23689	24411	tig4300032496	739	1161	145,235,247,1.0
tig4300004062	11892	12407	tig4300032496	55835	56350	145,235,247,1.0
tig4300004062	15826	16131	tig4300032496	43888	44193	145,235,247,1.0
tig4300004062	16239	16967	tig4300032496	43052	43780	145,235,247,1.0
tig4300004062	17261	17473	tig4300032496	33798	34010	145,235,247,1.0
tig4300004062	21801	23061	tig4300032496	25552	26812	145,235,247,1.0
tig4300004062	26360	26875	tig4300032496	21365	21880	145,235,247,1.0
tig4300004062	3230	3419	tig4300463746	6508	6697	145,235,247,1.0
tig4300004062	13676	13898	tig4300463746	8203	8425	145,235,247,1.0
tig4300004062	15826	16131	tig4300463746	10359	10664	145,235,247,1.0
tig4300004062	16239	16967	tig4300463746	10772	11500	145,235,247,1.0
tig4300004062	17261	17473	tig4300463746	11794	12006	145,235,247,1.0
tig4300004062	21801	23061	tig4300463746	16336	17595	145,235,247,1.0
tig4300004062	23689	24411	tig4300463746	18223	18945	145,235,247,1.0
tig4300004062	24869	25091	tig4300463746	19403	19625	145,235,247,1.0
tig4300004062	26360	26875	tig4300463746	20894	21409	145,235,247,1.0
tig4300004062	3230	3419	tig4300463747	6209	6398	145,235,247,1.0
tig4300004062	13676	13898	tig4300463747	7904	8126	145,235,247,1.0
tig4300004062	15826	16131	tig4300463747	10061	10366	145,235,247,1.0
tig4300004062	16239	16967	tig4300463747	10474	11202	145,235,247,1.0
tig4300004062	17261	17473	tig4300463747	11496	11708	145,235,247,1.0
tig4300004062	21801	23061	tig4300463747	16036	17295	145,235,247,1.0
tig4300004062	23689	24411	tig4300463747	17923	18645	145,235,247,1.0
tig4300004062	24869	25091	tig4300463747	19103	19325	145,235,247,1.0
tig4300004125	6374	6563	tig4300463746	6508	6697	145,235,247,1.0
tig4300004125	8069	8291	tig4300463746	8203	8425	145,235,247,1.0
tig4300004125	8757	9554	tig4300463746	8887	10086	145,235,247,1.0
tig4300004125	10795	11103	tig4300463746	10772	11500	145,235,247,1.0
tig4300004125	15426	15638	tig4300463746	11794	12006	145,235,247,1.0
tig4300004125	15932	17191	tig4300463746	16336	17595	145,235,247,1.0
tig4300004125	19002	19224	tig4300463746	19403	19625	145,235,247,1.0
tig4300004125	6374	6563	tig4300463747	6209	6398	145,235,247,1.0
tig4300004125	8069	8291	tig4300463747	7904	8126	145,235,247,1.0
tig4300004125	8757	9554	tig4300463747	8589	9788	145,235,247,1.0
tig4300004125	10795	11103	tig4300463747	10474	11202	145,235,247,1.0
tig4300004125	15426	15638	tig4300463747	11496	11708	145,235,247,1.0
tig4300004125	15932	17191	tig4300463747	16036	17295	145,235,247,1.0
tig4300004125	19002	19224	tig4300463747	19103	19325	145,235,247,1.0
tig4300004125	20727	20916	tig4300463747	20828	21017	145,235,247,1.0
tig4300004305	6117	6306	tig4300004482	29912	30101	145,235,247,1.0
tig4300004305	8489	9211	tig4300004482	27002	27724	145,235,247,1.0
tig4300004305	9839	11099	tig4300004482	16365	17624	145,235,247,1.0
tig4300004305	15930	16658	tig4300004482	10805	11533	145,235,247,1.0
tig4300004305	16766	17071	tig4300004482	10393	10698	145,235,247,1.0
tig4300004305	17344	18543	tig4300004482	8922	9719	145,235,247,1.0
tig4300004305	7809	8031	tig4300032496	11120	11342	145,235,247,1.0
tig4300004305	9839	11099	tig4300032496	25552	26812	145,235,247,1.0
tig4300004305	11393	11605	tig4300032496	33798	34010	145,235,247,1.0
tig4300004305	15930	16658	tig4300032496	43052	43780	145,235,247,1.0
tig4300004305	16766	17071	tig4300032496	43888	44193	145,235,247,1.0
tig4300004305	38011	38526	tig4300032496	55835	56350	145,235,247,1.0
tig4300004305	7809	8031	tig4300032496	37372	37594	145,235,247,1.0
tig4300004305	17344	18543	tig4300032496	26965	28164	145,235,247,1.0
tig4300004305	33447	34175	tig4300032496	8054	8809	145,235,247,1.0
tig4300004305	41694	41906	tig4300032496	3615	3827	145,235,247,1.0
tig4300004305	50952	51680	tig4300032496	2571	3323	145,235,247,1.0
tig4300004305	52841	53563	tig4300032496	739	1161	145,235,247,1.0
tig4300004305	6117	6306	tig4300463746	6508	6697	145,235,247,1.0
tig4300004305	7809	8031	tig4300463746	8203	8425	145,235,247,1.0
tig4300004305	17344	18543	tig4300463746	8887	10086	145,235,247,1.0
tig4300004305	41694	41906	tig4300463746	11794	12006	145,235,247,1.0
tig4300004305	42200	43460	tig4300463746	16336	17595	145,235,247,1.0
tig4300004305	52841	53563	tig4300463746	18223	18945	145,235,247,1.0
tig4300004305	54023	54245	tig4300463746	19403	19625	145,235,247,1.0
tig4300004305	55514	56029	tig4300463746	20894	21409	145,235,247,1.0
tig4300004305	7809	8031	tig4300463746	19403	19625	145,235,247,1.0
tig4300004305	8489	9211	tig4300463746	18223	18945	145,235,247,1.0
tig4300004305	9839	11099	tig4300463746	16336	17595	145,235,247,1.0
tig4300004305	11393	11605	tig4300463746	11794	12006	145,235,247,1.0
tig4300004305	15930	16658	tig4300463746	10772	11500	145,235,247,1.0
tig4300004305	16766	17071	tig4300463746	10359	10664	145,235,247,1.0
tig4300004305	17344	18543	tig4300463746	8887	10086	145,235,247,1.0
tig4300004305	19006	19228	tig4300463746	8203	8425	145,235,247,1.0
tig4300004305	6117	6306	tig4300463747	6209	6398	145,235,247,1.0
tig4300004305	7809	8031	tig4300463747	7904	8126	145,235,247,1.0
tig4300004305	17344	18543	tig4300463747	8589	9788	145,235,247,1.0
tig4300004305	41694	41906	tig4300463747	11496	11708	145,235,247,1.0
tig4300004305	42200	43460	tig4300463747	16036	17295	145,235,247,1.0
tig4300004305	52841	53563	tig4300463747	17923	18645	145,235,247,1.0
tig4300004305	54023	54245	tig4300463747	19103	19325	145,235,247,1.0
tig4300004305	6117	6306	tig4300463747	20828	21017	145,235,247,1.0
tig4300004305	7809	8031	tig4300463747	19103	19325	145,235,247,1.0
tig4300004305	8489	9211	tig4300463747	17923	18645	145,235,247,1.0
tig4300004305	9839	11099	tig4300463747	16036	17295	145,235,247,1.0
tig4300004305	11393	11605	tig4300463747	11496	11708	145,235,247,1.0
tig4300004305	15930	16658	tig4300463747	10474	11202	145,235,247,1.0
tig4300004305	16766	17071	tig4300463747	10061	10366	145,235,247,1.0
tig4300004305	17344	18543	tig4300463747	8589	9788	145,235,247,1.0
tig4300004305	19006	19228	tig4300463747	7904	8126	145,235,247,1.0
tig4300004482	8236	8458	tig4300032496	11120	11342	145,235,247,1.0
tig4300004482	10393	10698	tig4300032496	17639	17944	145,235,247,1.0
tig4300004482	16365	17624	tig4300032496	25552	26812	145,235,247,1.0
tig4300004482	17777	18975	tig4300032496	35717	36915	145,235,247,1.0
tig4300004482	19433	19655	tig4300032496	37372	37594	145,235,247,1.0
tig4300004482	20924	21439	tig4300032496	55835	56350	145,235,247,1.0
tig4300004482	10393	10698	tig4300032496	43888	44193	145,235,247,1.0
tig4300004482	10805	11533	tig4300032496	43052	43780	145,235,247,1.0
tig4300004482	11827	12039	tig4300032496	33798	34010	145,235,247,1.0
tig4300004482	16365	17624	tig4300032496	25552	26812	145,235,247,1.0
tig4300004482	17777	18975	tig4300032496	18217	19415	145,235,247,1.0
tig4300004482	19433	19655	tig4300032496	11120	11342	145,235,247,1.0
tig4300004482	27002	27724	tig4300032496	739	1161	145,235,247,1.0
tig4300004482	8236	8458	tig4300463746	8203	8425	145,235,247,1.0
tig4300004482	8922	9719	tig4300463746	8887	10086	145,235,247,1.0
tig4300004482	10393	10698	tig4300463746	10359	10664	145,235,247,1.0
tig4300004482	10805	11533	tig4300463746	10772	11500	145,235,247,1.0
tig4300004482	11827	12039	tig4300463746	11794	12006	145,235,247,1.0
tig4300004482	16365	17624	tig4300463746	16336	17595	145,235,247,1.0
tig4300004482	19433	19655	tig4300463746	19403	19625	145,235,247,1.0
tig4300004482	20924	21439	tig4300463746	20894	21409	145,235,247,1.0
tig4300004482	8236	8458	tig4300463747	7904	8126	145,235,247,1.0
tig4300004482	8922	9719	tig4300463747	8589	9788	145,235,247,1.0
tig4300004482	10393	10698	tig4300463747	10061	10366	145,235,247,1.0
tig4300004482	10805	11533	tig4300463747	10474	11202	145,235,247,1.0
tig4300004482	11827	12039	tig4300463747	11496	11708	145,235,247,1.0
tig4300004482	16365	17624	tig4300463747	16036	17295	145,235,247,1.0
tig4300004482	27002	27724	tig4300463747	17923	18645	145,235,247,1.0
tig4300004482	29912	30101	tig4300463747	20828	21017	145,235,247,1.0
tig4300004600	10802	11530	tig4300032496	2571	3323	145,235,247,1.0
tig4300004600	11824	12036	tig4300032496	3615	3827	145,235,247,1.0
tig4300004600	18178	18975	tig4300032496	9867	10574	145,235,247,1.0
tig4300004600	19435	19657	tig4300032496	11120	11342	145,235,247,1.0
tig4300004600	20926	21441	tig4300032496	21365	21880	145,235,247,1.0
tig4300004600	25117	26377	tig4300032496	25552	26812	145,235,247,1.0
tig4300004600	26530	27728	tig4300032496	35717	36915	145,235,247,1.0
tig4300004600	8234	8456	tig4300463746	8203	8425	145,235,247,1.0
tig4300004600	8918	9715	tig4300463746	8887	10086	145,235,247,1.0
tig4300004600	10389	10694	tig4300463746	10359	10664	145,235,247,1.0
tig4300004600	10802	11530	tig4300463746	10772	11500	145,235,247,1.0
tig4300004600	11824	12036	tig4300463746	11794	12006	145,235,247,1.0
tig4300004600	19435	19657	tig4300463746	19403	19625	145,235,247,1.0
tig4300004600	20926	21441	tig4300463746	20894	21409	145,235,247,1.0
tig4300004600	8234	8456	tig4300463747	7904	8126	145,235,247,1.0
tig4300004600	8918	9715	tig4300463747	8589	9788	145,235,247,1.0
tig4300004600	10389	10694	tig4300463747	10061	10366	145,235,247,1.0
tig4300004600	10802	11530	tig4300463747	10474	11202	145,235,247,1.0
tig4300004600	11824	12036	tig4300463747	11496	11708	145,235,247,1.0
tig4300004600	19435	19657	tig4300463747	19103	19325	145,235,247,1.0
tig4300463639	2209	2571	tig4300463640	2026	2556	145,235,247,1.0
tig4300463639	2901	3533	tig4300463640	2884	3516	145,235,247,1.0
tig4300463639	4077	4472	tig4300463640	4059	4454	145,235,247,1.0
tig4300463639	7615	9153	tig4300463640	7596	9134	145,235,247,1.0
tig4300463639	9516	10058	tig4300463640	9494	10036	145,235,247,1.0
tig4300463639	12854	15350	tig4300463640	11491	14706	145,235,247,1.0
tig4300463639	16963	18793	tig4300463640	16945	18775	145,235,247,1.0
tig4300463639	20177	21186	tig4300463640	20157	21346	145,235,247,1.0
tig4300463640	974415	975884	tig4300463655	338810	340311	145,235,247,1.0
tig4300463640	1090492	1090815	tig4300463655	394202	394636	145,235,247,1.0
tig4300463640	1093352	1093765	tig4300463655	395838	397044	145,235,247,1.0
tig4300463640	1177106	1188433	tig4300463655	535984	537336	145,235,247,1.0
tig4300463640	1252986	1253246	tig4300463655	628916	629530	145,235,247,1.0
tig4300463640	1260611	1261096	tig4300463655	629670	633339	145,235,247,1.0
tig4300463655	1216420	1219067	tig4300463656	138	424	145,235,247,1.0
tig4300463655	1222293	1222778	tig4300463656	4182	4667	145,235,247,1.0
tig4300463655	1223433	1224209	tig4300463656	5325	6701	145,235,247,1.0
tig4300463655	1227482	1228455	tig4300463656	9372	10345	145,235,247,1.0
tig4300463655	1228597	1230731	tig4300463656	10487	12621	145,235,247,1.0
tig4300463655	1230853	1232388	tig4300463656	12741	14281	145,235,247,1.0
tig4300463655	1233089	1234458	tig4300463656	14982	16352	145,235,247,1.0
tig4300463655	1234927	1235208	tig4300463656	16821	17102	145,235,247,1.0
tig4300463655	1236041	1236799	tig4300463656	17935	18693	145,235,247,1.0
tig4300463655	1237571	1238272	tig4300463656	19463	20164	145,235,247,1.0
tig4300463655	1238354	1238863	tig4300463656	20246	20755	145,235,247,1.0
tig4300463655	1239822	1244357	tig4300463656	21714	25244	145,235,247,1.0
tig4300463655	1244419	1246023	tig4300463656	26007	28014	145,235,247,1.0
tig4300463655	1246833	1247945	tig4300463656	29327	29839	145,235,247,1.0
tig4300463655	1248930	1249444	tig4300463656	30824	31383	145,235,247,1.0
tig4300463655	1251875	1252321	tig4300463656	33771	34771	145,235,247,1.0
tig4300463665	793683	795331	tig4300463666	199	3363	145,235,247,1.0
tig4300463665	797166	797975	tig4300463666	3473	4489	145,235,247,1.0
tig4300463665	799368	801577	tig4300463666	5769	9047	145,235,247,1.0
tig4300463665	802761	803060	tig4300463666	9267	9566	145,235,247,1.0
tig4300463665	803949	806320	tig4300463666	10452	12823	145,235,247,1.0
tig4300463665	806563	807383	tig4300463666	13066	13886	145,235,247,1.0
tig4300463665	809154	809519	tig4300463666	15658	16074	145,235,247,1.0
tig4300463665	809705	810301	tig4300463666	16208	16804	145,235,247,1.0
tig4300463665	810887	813307	tig4300463666	17390	18103	145,235,247,1.0
tig4300463665	815735	816418	tig4300463666	22238	25798	145,235,247,1.0
tig4300463669	867168	869389	tig4300463670	100	1107	145,235,247,1.0
tig4300463669	871934	872786	tig4300463670	4434	8559	145,235,247,1.0
tig4300463669	878783	880159	tig4300463670	11277	12425	145,235,247,1.0
tig4300463669	882488	883721	tig4300463670	12515	16212	145,235,247,1.0
tig4300463669	885107	888709	tig4300463670	17598	21059	145,235,247,1.0
tig4300463669	890339	891614	tig4300463670	22828	24104	145,235,247,1.0
tig4300463669	892488	893289	tig4300463670	24982	25783	145,235,247,1.0
tig4300463669	893818	894714	tig4300463670	26309	27205	145,235,247,1.0
tig4300463669	894817	895743	tig4300463670	27308	27961	145,235,247,1.0
tig4300463669	902426	903907	tig4300463670	34921	36402	145,235,247,1.0
tig4300463691	447251	454916	tig4300463692	134	913	145,235,247,1.0
tig4300463691	455311	456141	tig4300463692	1308	2138	145,235,247,1.0
tig4300463691	456482	457790	tig4300463692	2479	3787	145,235,247,1.0
tig4300463691	458385	459296	tig4300463692	4382	5293	145,235,247,1.0
tig4300463691	459800	460105	tig4300463692	5797	6102	145,235,247,1.0
tig4300463691	465854	472391	tig4300463692	11758	18241	145,235,247,1.0
tig4300463691	472858	473472	tig4300463692	18760	19083	145,235,247,1.0
tig4300463691	476260	476991	tig4300463692	22017	22748	145,235,247,1.0
tig4300463691	477252	479000	tig4300463692	23009	25234	145,235,247,1.0
tig4300463693	1933	2757	tig4300463694	1920	11460	145,235,247,1.0
tig4300463693	11906	12328	tig4300463694	11902	12324	145,235,247,1.0
tig4300463693	14351	15537	tig4300463694	14622	15937	145,235,247,1.0
tig4300463693	20702	21526	tig4300463694	20768	21592	145,235,247,1.0
tig4300463693	23149	25527	tig4300463694	22686	23960	145,235,247,1.0
tig4300463693	27047	28756	tig4300463694	27126	28837	145,235,247,1.0
tig4300463693	29307	30284	tig4300463694	29019	30396	145,235,247,1.0
tig4300463693	30400	31533	tig4300463694	30494	31630	145,235,247,1.0
tig4300463706	3651	4595	tig4300463707	3537	4481	145,235,247,1.0
tig4300463706	4917	6213	tig4300463707	4803	6099	145,235,247,1.0
tig4300463706	8292	8702	tig4300463707	8176	8586	145,235,247,1.0
tig4300463706	9300	11168	tig4300463707	9184	11052	145,235,247,1.0
tig4300463706	12361	14698	tig4300463707	13161	14579	145,235,247,1.0
tig4300463706	15132	16277	tig4300463707	15013	16158	145,235,247,1.0
tig4300463706	16824	19045	tig4300463707	16705	20806	145,235,247,1.0
tig4300463706	21904	23247	tig4300463707	21777	23120	145,235,247,1.0
tig4300463708	2572	2946	tig4300463709	2397	2771	145,235,247,1.0
tig4300463708	5218	6236	tig4300463709	5048	6063	145,235,247,1.0
tig4300463708	7551	10017	tig4300463709	7370	9836	145,235,247,1.0
tig4300463708	10616	12899	tig4300463709	10435	12718	145,235,247,1.0
tig4300463708	13808	15145	tig4300463709	13628	14965	145,235,247,1.0
tig4300463708	15321	24207	tig4300463709	15256	25019	145,235,247,1.0
tig4300463718	7986	8450	tig4300463719	3257	3721	145,235,247,1.0
tig4300463718	8892	9782	tig4300463719	4111	5053	145,235,247,1.0
tig4300463718	10329	10919	tig4300463719	5600	6118	145,235,247,1.0
tig4300463718	11015	18831	tig4300463719	6287	14100	145,235,247,1.0
tig4300463718	20210	21681	tig4300463719	15479	16950	145,235,247,1.0
tig4300463718	21770	24300	tig4300463719	17039	19569	145,235,247,1.0
tig4300463718	24895	26953	tig4300463719	20160	22218	145,235,247,1.0
tig4300463718	27350	32786	tig4300463719	22615	29343	145,235,247,1.0
tig4300463730	10499	12793	tig4300463731	4464	5669	145,235,247,1.0
tig4300463730	14962	20025	tig4300463731	8947	11160	145,235,247,1.0
tig4300463730	20536	23431	tig4300463731	13574	15194	145,235,247,1.0
tig4300463730	23487	26239	tig4300463731	15310	20079	145,235,247,1.0
tig4300463730	32021	33175	tig4300463731	25863	27016	145,235,247,1.0
tig4300463730	34696	38012	tig4300463731	28535	31852	145,235,247,1.0
tig4300463730	38764	40430	tig4300463731	32605	34271	145,235,247,1.0
tig4300463730	40615	43808	tig4300463731	34456	37498	145,235,247,1.0
tig4300463730	45060	46807	tig4300463731	39387	40642	145,235,247,1.0
tig4300463730	47100	48398	tig4300463731	40935	42235	145,235,247,1.0
tig4300463730	49707	50738	tig4300463731	43540	48587	145,235,247,1.0
tig4300463730	54986	57400	tig4300463731	48812	51226	145,235,247,1.0
tig4300463730	58365	61766	tig4300463731	52185	54876	145,235,247,1.0
tig4300463730	62158	63368	tig4300463731	55984	57194	145,235,247,1.0
tig4300463730	63729	65317	tig4300463731	57457	61688	145,235,247,1.0
tig4300463736	28729	30246	tig4300463737	28	516	145,235,247,1.0
tig4300463736	33254	34376	tig4300463737	3588	6322	145,235,247,1.0
tig4300463736	36848	37207	tig4300463737	6841	7540	145,235,247,1.0
tig4300463736	38132	39819	tig4300463737	8465	10656	145,235,247,1.0
tig4300463736	41025	42230	tig4300463737	11773	12564	145,235,247,1.0
tig4300463736	42527	42971	tig4300463737	12861	13305	145,235,247,1.0
tig4300463736	42991	50417	tig4300463737	13325	20749	145,235,247,1.0
tig4300463746	6508	6697	tig4300463747	6209	6398	145,235,247,1.0
tig4300463746	8203	8425	tig4300463747	7904	8126	145,235,247,1.0
tig4300463746	8887	10086	tig4300463747	8589	9788	145,235,247,1.0
tig4300463746	10359	10664	tig4300463747	10061	10366	145,235,247,1.0
tig4300463746	10772	11500	tig4300463747	10474	11202	145,235,247,1.0
tig4300463746	11794	12006	tig4300463747	11496	11708	145,235,247,1.0
tig4300463746	16336	17595	tig4300463747	16036	17295	145,235,247,1.0
tig4300463746	18223	18945	tig4300463747	17923	18645	145,235,247,1.0
tig4300463746	19403	19625	tig4300463747	19103	19325	145,235,247,1.0
tig4300463760	3411	4601	tig4300463761	3526	4143	145,235,247,1.0
tig4300463760	6980	7506	tig4300463761	7089	7615	145,235,247,1.0
tig4300463760	8312	9203	tig4300463761	8421	9312	145,235,247,1.0
tig4300463760	11713	12915	tig4300463761	11821	13023	145,235,247,1.0
tig4300463760	13122	13565	tig4300463761	13230	13673	145,235,247,1.0
tig4300463760	14877	19010	tig4300463761	14985	19118	145,235,247,1.0
tig4300463760	19853	21803	tig4300463761	19960	21619	145,235,247,1.0
tig4300463760	23479	24153	tig4300463761	23585	24259	145,235,247,1.0
